((("plain" .
   [1 0 0 0 0])
  ("newpage" .
   [1 0 0 0 0 0 0])
  ("j+i" .
   [1 0 0])
  ("k-1" .
   [1 0 0])
  ("begin" .
   [1 0 0 0 0])
  ("blue" .
   [1 0 0 0])
  ("red" .
   [1 0 0])
  ("textcolor" .
   [2 0 0 0 0 0 0 0 0])
  ("checkmark" .
   [2 0 0 0 0 0 0 0 0])
  ("oqdsŽËŽ¡\244ŽËŽ¤\350\244\353\271\342\300\272\305\331\306ŽÃŽ°\333\303\315ŽÊŽ¬\262\362" .
   [0 0 0 0 1 0 0 0 0 0 0 0 0 0 0 0])
  ("scriptsize" .
   [1 0 0 0 0 0 0 0 0 0])
  ("scale=" .
   [1 0 0 0 0 0])
  ("includegraphics" .
   [0 0 0 0 0 0 0 1 0 0 0 0 0 0 0])
  ("\271\324\316\363\276ð½Ž»\244\362\303ìÁŽ´\244ŽÈŽ¤\267\244\277\312\302\316\363\274\302\301\365" .
   [0 0 0 0 0 0 0 0 0 0 1 0 0 0])
  ("\245\271\245ŽÑŽ¥\263\245\363\270\376\244\261\306ŽÃŽ°\333\303ŽÍŽ¡\246\270\307ŽÍŽ­\303\315ŽÊŽ¬\262\362" .
   [0 0 0 0 0 0 1 0 0 0 0 0 0 0 0])
  ("D2\300ŽÐŽ¾\345" .
   [1 0 0 0])
  ("hfill" .
   [1 0 0 0 0])
  ("tiny" .
   [1 0 0 0])
  ("converge" .
   [1 0 0 0 0 0 0 0])
  ("shrink" .
   [2 0 0 0 0 0])
  ("alternative" .
   [1 0 0 0 0 0 0 0 0 0 0])
  ("reduced" .
   [1 0 0 0 0 0 0])
  ("reduce" .
   [1 0 0 0 0 0])
  ("must" .
   [1 0 0 0])
  ("alter" .
   [1 0 0 0 0])
  ("Two" .
   [1 0 0])
  ("eigenvectors" .
   [1 0 0 0 0 0 0 0 0 0 0 0])
  ("process" .
   [2 0 0 0 0 0 0])
  ("distribution" .
   [1 0 0 0 0 0 0 0 0 0 0 0])
  ("between" .
   [2 0 0 0 0 0 0])
  ("d" .
   [1])
  ("difference" .
   [1 0 0 0 0 0 0 0 0 0])
  ("lower" .
   [2 0 0 0 0])
  ("evaluation" .
   [2 0 0 0 0 0 0 0 0 0])
  ("Evaluation" .
   [1 0 0 0 0 0 0 0 0 0])
  ("G" .
   [1])
  ("Appro" .
   [1 0 0 0 0])
  ("A" .
   [1])
  ("13" .
   [1 0])
  ("DDR3-1333" .
   [1 0 0 0 0 0 0 0 0])
  ("matrix" .
   [1 0 0 0 0 0])
  ("dimension" .
   [1 0 0 0 0 0 0 0 0])
  ("Case" .
   [2 0 0 0])
  ("r" .
   [1])
  ("mgs" .
   [1 0 0])
  ("faster" .
   [2 0 0 0 0 0])
  ("always" .
   [1 0 0 0 0 0])
  ("Although" .
   [1 0 0 0 0 0 0 0])
  ("has" .
   [1 0 0])
  ("expected" .
   [1 0 0 0 0 0 0 0])
  ("achieved" .
   [1 0 0 0 0 0 0 0])
  ("performance" .
   [2 0 0 0 0 0 0 0 0 0 0])
  ("composed" .
   [2 0 0 0 0 0 0 0])
  ("seen" .
   [1 0 0 0])
  ("pseudocode" .
   [0 0 0 0 1 0 0 0 0 0])
  ("achieves" .
   [1 0 0 0 0 0 0 0])
  ("been" .
   [1 0 0 0])
  ("processing" .
   [4 0 0 0 0 0 0 0 0 0])
  ("achieve" .
   [3 0 0 0 0 0 0])
  ("products" .
   [1 0 0 0 0 0 0 0])
  ("dot" .
   [1 0 0])
  ("lines" .
   [2 0 0 0 0])
  ("better" .
   [2 0 0 0 0 0])
  ("orthogonality" .
   [1 0 0 0 0 0 0 0 0 0 0 0 0])
  ("variants" .
   [2 0 0 0 0 0 0 0])
  ("GEMV" .
   [1 0 0 0])
  ("while" .
   [2 0 0 0 0])
  ("cannot" .
   [1 0 0 0 0 0])
  ("level" .
   [6 0 0 0 0])
  ("Now" .
   [1 0 0])
  ("occurs" .
   [1 0 0 0 0 0])
  ("times" .
   [4 0 0 0 0])
  ("where" .
   [2 0 0 0 0])
  ("synchronization" .
   [1 0 0 1 0 1 0 0 0 0 0 0 0 0 0])
  ("implemented" .
   [1 0 0 0 0 0 0 0 0 0 0])
  ("usually" .
   [3 0 0 0 0 0 0])
  ("line" .
   [2 0 0 0])
  ("MKL" .
   [1 0 0])
  ("directives" .
   [3 0 0 0 0 0 0 0 0 0])
  ("atomic" .
   [2 0 0 0 0 0])
  ("instead" .
   [1 0 0 0 0 0 0])
  ("clause" .
   [2 0 0 0 0 0])
  ("If" .
   [4 0])
  ("allowed" .
   [2 0 0 0 0 0 0])
  ("vectors" .
   [2 0 0 0 0 0 0])
  ("all" .
   [4 0 0])
  ("study" .
   [1 0 0 0 0])
  ("in" .
   [6 0])
  ("operations" .
   [12 0 1 0 0 0 0 0 0 0])
  ("reorthogonalize" .
   [2 0 0 0 0 0 0 0 0 0 0 0 0 0 0])
  ("parallelize" .
   [1 0 0 0 0 0 0 0 0 0 0])
  ("even" .
   [2 0 0 0])
  ("if" .
   [3 0])
  ("Intel" .
   [3 0 0 0 0])
  ("them" .
   [2 0 0 0])
  ("than" .
   [11 0 0 0])
  ("cost" .
   [5 0 0 0])
  ("computational" .
   [4 0 0 0 0 0 0 0 0 0 0 0 0])
  ("library" .
   [1 0 0 1 0 0 0])
  ("optimally" .
   [1 0 0 0 0 0 0 0 0])
  ("code" .
   [10 0 0 0])
  ("by" .
   [12 0])
  ("ParaCGS" .
   [1 0 0 0 0 0 0])
  ("implement" .
   [3 0 0 0 0 0 0 0 0])
  ("need" .
   [1 0 0 0])
  ("result" .
   [1 0 0 0 0 0])
  ("be" .
   [6 0])
  ("higher" .
   [4 0 0 0 0 0])
  ("ratio" .
   [1 0 0 0 0])
  ("highly" .
   [1 0 0 0 0 0])
  ("Since" .
   [2 0 0 0 0])
  ("twice" .
   [3 0 0 0 0])
  ("BLAS" .
   [13 0 0 0])
  ("such" .
   [5 0 0 0])
  ("DOT" .
   [1 0 0])
  ("compute" .
   [2 0 0 0 0 0 0])
  ("when" .
   [4 0 0 0])
  ("perform" .
   [2 0 0 0 0 0 0])
  ("resulting" .
   [1 0 0 0 0 0 0 0 0])
  ("classical" .
   [1 0 0 0 0 0 0 0 0])
  ("AXPY" .
   [3 0 0 0])
  ("orthogonalization" .
   [1 0 0 0 0 0 0 0 0 0 0 0 0 0 0 0 0])
  ("operation" .
   [3 0 0 0 0 0 0 0 0])
  ("includes" .
   [2 0 0 0 0 0 0 0])
  ("routines" .
   [7 0 0 0 0 0 0 0])
  ("OpenMP" .
   [3 0 0 0 0 0])
  ("Fortran" .
   [5 0 0 0 0 0 0])
  ("terms" .
   [4 0 0 0 0])
  ("independently" .
   [2 0 0 0 0 0 0 0 0 0 0 0 0])
  ("parallelized" .
   [2 0 0 0 0 0 0 0 0 0 0 0])
  ("parallel" .
   [13 0 0 0 0 0 0 0])
  ("As" .
   [2 0])
  ("each" .
   [5 0 0 0])
  ("high" .
   [3 0 0 0])
  ("needed" .
   [1 0 0 0 0 0])
  ("vector" .
   [9 0 0 0 0 0])
  ("summation" .
   [2 0 0 0 0 0 0 0 0])
  ("computation" .
   [4 0 0 0 0 0 0 0 0 0 0])
  ("index" .
   [1 0 0 0 0])
  ("computed" .
   [2 0 0 0 0 0 0 0])
  ("reduction" .
   [7 0 0 0 0 0 0 0 0])
  ("effectively" .
   [1 0 0 0 0 0 0 0 0 0 0])
  ("reorthogonalization" .
   [5 0 0 0 0 0 0 0 0 0 0 0 0 0 0 0 0 0 0])
  ("Classical" .
   [2 0 0 0 0 0 0 0 0])
  ("a" .
   [3])
  ("Reorthogonalization" .
   [1 0 0 0 0 0 0 0 0 0 0 0 0 0 0 0 0 0 0])
  ("implementation" .
   [8 0 0 0 0 0 0 0 0 0 0 0 0 0])
  ("Parallel" .
   [1 0 0 0 0 0 0 0])
  ("problems" .
   [1 0 0 0 0 0 0 0])
  ("these" .
   [2 0 0 0 0])
  ("are" .
   [7 0 0])
  ("j-1" .
   [12 0 1])
  ("EndFor" .
   [1 0 0 0 0 0])
  ("k=1" .
   [1 0 0])
  ("k" .
   [1])
  ("MGS" .
   [11 0 0])
  ("Gram-Schmidt" .
   [1 0 0 0 2 0 1 0 0 0 0 0])
  ("overcome" .
   [1 0 0 0 0 0 0 0])
  ("To" .
   [2 0])
  ("t" .
   [4])
  ("variant" .
   [2 0 0 0 0 0 0])
  ("j+1" .
   [1 0 0])
  ("textrm" .
   [1 0 0 0 0 0])
  ("Step" .
   [1 0 0 0])
  ("Para" .
   [1 0 0 0])
  ("CGS2" .
   [16 0 0 1])
  ("Second" .
   [2 0 0 0 0 0])
  ("CGS" .
   [16 0 0])
  ("of" .
   [37 0])
  ("step" .
   [1 0 0 0])
  ("j=1" .
   [2 0 0])
  ("sum" .
   [2 0 0])
  ("rangle" .
   [1 0 0 0 0 0])
  ("langle" .
   [1 0 0 0 0 0])
  ("ParaCGS2" .
   [3 0 0 0 1 0 0 0])
  ("cdots" .
   [4 0 0 0 0])
  ("top" .
   [4 0 0])
  ("EndFunction" .
   [0 0 0 0 0 1 2 0 0 0 0])
  ("dots" .
   [3 0 0 0])
  ("c" .
   [5])
  ("bm" .
   [16 0])
  ("Return" .
   [1 0 0 0 0 0])
  ("State" .
   [11 0 0 0 0])
  ("were" .
   [1 0 0 0])
  ("problem" .
   [1 0 0 0 1 0 0])
  ("Note" .
   [3 0 0 0])
  ("follows" .
   [6 0 0 0 0 0 0])
  ("theorem" .
   [4 0 0 0 0 0 0])
  ("This" .
   [6 0 0 0])
  ("given" .
   [1 0 0 0 0])
  ("introduced" .
   [1 0 0 0 0 0 0 0 0 0])
  ("TPFL-II" .
   [1 0 0 0 0 0 0])
  ("LMQ" .
   [1 0 0])
  ("FL+LM" .
   [0 0 0 1 0])
  ("way" .
   [1 0 0])
  ("using" .
   [11 0 0 0 0])
  ("experiment" .
   [2 0 0 0 0 0 0 0 0 0])
  ("numerical" .
   [3 0 0 0 0 0 0 0 0])
  ("proposed" .
   [5 0 0 0 0 0 0 0])
  ("respectively" .
   [1 0 0 0 0 0 0 0 0 0 0 0])
  ("Memory" .
   [1 0 0 0 0 0])
  ("with" .
   [6 0 0 0])
  ("centering" .
   [0 0 0 0 0 1 0 0 0])
  ("spec" .
   [1 0 0 0])
  ("ref" .
   [1 0 0])
  ("Table" .
   [1 0 0 0 0])
  ("performed" .
   [4 0 0 0 0 0 0 0 0])
  ("experiments" .
   [1 0 0 0 0 0 0 0 0 0 0])
  ("environment" .
   [0 0 0 0 0 0 1 0 0 0 0])
  ("caption" .
   [1 0 0 0 0 0 0])
  ("htbp" .
   [1 0 0 0])
  ("We" .
   [3 0])
  ("needs" .
   [2 0 0 0 0])
  ("method" .
   [1 0 0 0 0 0])
  ("randomly" .
   [2 0 0 0 0 0 0 0])
  ("set" .
   [2 0 0])
  ("used" .
   [9 0 0 0])
  ("defined" .
   [2 0 0 0 0 0 0])
  ("polynomials" .
   [1 0 0 0 0 0 0 0 0 0 0])
  ("randomized" .
   [1 0 0 0 0 0 0 0 0 0])
  ("equations" .
   [1 0 0 0 0 0 0 0 0])
  ("following" .
   [4 0 0 0 0 0 0 0 0])
  ("use" .
   [8 0 0])
  ("as" .
   [17 0])
  ("other" .
   [4 0 0 0 0])
  ("from" .
   [1 0 0 0])
  ("lambda" .
   [2 0 0 0 0 0])
  ("first-" .
   [1 0 0 0 0 0])
  ("second" .
   [1 0 0 0 0 0])
  ("and" .
   [21 0 0])
  ("local-max2" .
   [1 0 0 0 0 0 0 0 0 0])
  ("equation" .
   [2 0 0 0 0 0 0 0])
  ("The" .
   [33 0 0])
  ("roots" .
   [1 0 0 0 0])
  ("upper" .
   [1 0 0 0 0])
  ("new" .
   [1 0 0])
  ("many" .
   [1 0 0 0])
  ("above" .
   [5 0 0 0 0])
  ("From" .
   [1 0 0 0])
  ("show" .
   [2 0 0 0])
  ("we" .
   [17 0])
  ("Finally" .
   [1 0 0 0 0 0 0])
  ("bounds" .
   [3 0 0 0 0 0])
  ("both" .
   [3 0 0 0])
  ("type-I" .
   [1 0 0 0 0 0])
  ("Algorithm" .
   [3 0 0 0 0 0 0 0 0])
  ("addition" .
   [3 0 0 0 0 0 0 0])
  ("but" .
   [6 0 0])
  ("Break" .
   [1 0 0 0 0])
  ("algpseudocode" .
   [0 0 0 0 0 0 1 0 0 0 0 0 0])
  ("is" .
   [56 0])
  ("results" .
   [5 0 0 0 0 0 0])
  ("section" .
   [4 0 0 0 0 0 0])
  ("derived" .
   [2 0 0 0 0 0 0])
  ("first" .
   [4 0 0 0 1])
  ("based" .
   [2 0 0 0 0])
  ("propose" .
   [2 0 0 0 0 0 0])
  ("also" .
   [4 0 0 0])
  ("well" .
   [3 0 0 0])
  ("the" .
   [153 0 0])
  ("par" .
   [17 0 0])
  ("bound" .
   [7 0 0 0 0])
  ("local-max" .
   [1 0 0 0 0 0 0 0 0])
  ("same" .
   [4 0 0 0])
  ("computing" .
   [14 0 0 0 0 0 0 0 0])
  ("RETURN" .
   [2 0 0 0 0 0])
  ("STATE" .
   [2 0 0 0 0])
  ("shows" .
   [7 0 0 0 0])
  ("shown" .
   [5 0 0 0 0])
  ("which" .
   [3 0 0 0 0])
  ("Then" .
   [1 0 0 0])
  ("right" .
   [3 0 0 0 1])
  ("left" .
   [3 0 0 0])
  ("create" .
   [3 0 0 0 0 0])
  ("this" .
   [25 0 0 0])
  ("In" .
   [10 0])
  ("For" .
   [11 0 0])
  ("for" .
   [18 0 0])
  ("easily" .
   [1 0 0 0 0 0])
  ("can" .
   [16 0 0])
  ("example" .
   [2 0 0 0 0 0 0])
  ("4-3x" .
   [0 0 1 0])
  ("any" .
   [1 0 0])
  ("pair" .
   [6 0 0 0])
  ("coefficients" .
   [2 0 0 0 0 0 0 0 0 0 0 0])
  ("coefficient" .
   [0 0 2 2 0 0 0 0 0 0 0])
  ("have" .
   [3 0 0 0])
  ("one" .
   [6 0 0])
  ("only" .
   [9 0 0 0])
  ("positive" .
   [2 0 0 0 1 0 0 0])
  ("that" .
   [13 0 0 0])
  ("case" .
   [9 0 0 0])
  ("However" .
   [8 0 0 0 0 0 0])
  ("frac" .
   [2 0 0 0])
  ("Thus" .
   [6 0 0 0])
  ("tex-mode" .
   [1 0 0 0 0 0 0 0])
  ("tex-default-mode" .
   [0 0 0 0 0 0 0 0 1 0 0 0 0 0 0 0])
  ("LaTeX" .
   [1 0 0 0 0])
  ("consider" .
   [2 0 0 0 0 0 0 0])
  ("not" .
   [6 0 0])
  ("since" .
   [6 0 0 0 0])
  ("polynomial" .
   [3 0 0 0 0 0 0 0 0 0])
  ("number" .
   [3 0 0 0 0 0])
  ("numbers" .
   [1 0 0 0 0 0 0])
  ("text" .
   [2 0 0 0])
  ("Using" .
   [3 0 0 0 0])
  ("Inverse" .
   [1 0 0 0 0 0 0])
  ("iteration" .
   [0 0 0 0 0 1 0 0 0])
  ("algorithm" .
   [37 0 0 0 0 0 0 0 0])
  ("two" .
   [2 0 0])
  ("call" .
   [2 0 0 0])
  ("texttt" .
   [5 0 0 0 0 0])
  ("function" .
   [3 0 0 0 0 0 0 0])
  ("Function" .
   [2 0 0 0 0 0 0 0])
  ("algorithms" .
   [4 0 0 0 0 0 0 0 0 0])
  ("m" .
   [2])
  ("When" .
   [3 0 0 0])
  ("generate" .
   [1 0 0 0 0 0 0 0])
  ("Reorthogonalize" .
   [0 0 0 0 0 0 0 0 0 0 0 0 0 1 0])
  ("against" .
   [1 0 0 0 0 0 0])
  ("formula" .
   [1 0 0 0 0 0 0])
  ("fo" .
   [1 0])
  ("W" .
   [1])
  ("replaced" .
   [1 0 0 0 0 0 0 0])
  ("matrix-vector" .
   [2 0 0 0 0 0 0 0 0 0 0 0 0])
  ("multiplications" .
   [1 0 0 0 0 0 0 0 0 0 0 0 0 0 0])
  ("applied" .
   [1 0 0 0 0 0 0])
  ("adopted" .
   [1 0 0 0 0 0 0])
  ("to" .
   [5 0])
  ("Eq" .
   [2 0])
  ("because" .
   [3 0 0 0 0 0 0])
  ("\356\242\310ñîŽ©\216\266\351\346\252íîŽ®\216\271" .
   [0 1 0 0])
  ("Dimensions" .
   [0 0 0 0 0 1 0 0 0 0])
  ("Eigenvectors" .
   [0 0 0 0 0 0 0 0 1 0 0 0])
  ("s" .
   [1])
  ("subsection" .
   [0 0 0 0 0 1 0 0 0 0])
  ("Results" .
   [1 0 0 0 0 0 0])
  ("Discussions" .
   [0 0 0 0 0 1 0 0 0 0 0])
  ("environments" .
   [1 0 0 0 0 0 0 0 0 0 0 0])
  ("memory" .
   [1 0 0 0 0 0])
  ("Inv-CGS2" .
   [1 0 0 0 0 0 0 0])
  ("three" .
   [1 0 0 0 0])
  ("e" .
   [2])
  ("env1" .
   [1 0 0 0])
  ("env2" .
   [2 0 0 0])
  ("chart/amd" .
   [1 0 0 0 0 0 0 0 0])
  ("v" .
   [2])
  ("realized" .
   [2 0 0 0 0 0 0 0])
  ("or" .
   [1 0])
  ("critical" .
   [1 0 0 0 0 0 0 0])
  ("array" .
   [3 0 0 0 0])
  ("u" .
   [1])
  ("\306ŽÃŽ°\333\303\315ŽÊŽ¬\262\362" .
   [1 0 0 0 0])
  ("frametitle" .
   [1 0 0 0 0 0 0 0 0 0])
  ("item" .
   [3 0 0 0])
  ("etc" .
   [1 0 0])
  ("M2" .
   [1 0])
  ("\306ŽÃŽ°\333\303\315ŽÊŽ¬\262\362\244ŽÈŽ¸\307ŽÍŽ­\303\315ŽÊŽ¬\262\362" .
   [2 0 0 0 0 0 0 0 0 0 0])
  ("\267Ž×Ž»\273\273\376\264\326" .
   [1 0 0 0])
  ("itemsep" .
   [0 0 0 0 0 3 0])
  ("\245ŽÇŽ¡\274\245\277\270\241\272\367" .
   [1 0 0 0 0])
  ("\262\350\301\374\275\350\315\375" .
   [1 0 0 0])
  ("\245ŽÓŽ¥ŽÃŽ¥\260\245ŽÇŽ¡\274\245\277\275\350\315\375" .
   [1 0 0 0 0 0 0 0])
  ("input" .
   [1 0 0 0 0])
  ("en" .
   [1 0])
  ("tex" .
   [1 0 0])
  ("von" .
   [1 0 0])
  ("Matt" .
   [1 0 0 0])
  ("dLV" .
   [2 0 0])
  ("TN\271\324\316\363\244\313\302ŽÐŽ¤\271\244\353" .
   [0 0 1 0 0 0 0 0])
  ("et" .
   [1 0])
  ("al" .
   [1 0])
  ("mathbb" .
   [1 0 0 0 0 0])
  ("\244ŽØŽ¤\310\312ŽÑŽ·\301\244\271\244ö§Ž¢\245ö§Ž´\245ô§Žº\245\340\244ŽÇŽ¤\242\244ö£Ž¥" .
   [0 0 1 0 0 0 0 0 0 0 0 0 0 0 0 0])
  ("align" .
   [1 0 0 0 0])
  ("align*" .
   [2 0 0 0 0 0])))
